1652123218
1652898082
1649866585
1649782887
1650299374
1649091083
1653330681
1652725881
1678743988
1682448988
1678295187
1676313206
1677020482
1679592842
1675643846
1678734987
1678122565
1689003684
1689176790
1676657789
1677777992
1677183387
1679247986
1677011008
1675623808
1680626188
1677002481
1681143685
1680798562
1683492604
1681920680
1685641589
1679419886
1689090392
1675210948
1678726283
1684781618
1678467685
1679605292
1679615321
1679333668
1680644082
1677174749
1678381591
1675632179
1681229848
1677795989
1678899080
1675816512
1675106912
1711386689
1713546092
1710006809
1710533408
1710627984
1713977489
1709488889
1710618377
1715280867
1715032586
1713210090
1716155523
1710369087
1713640800
1713813967
1713631891
1711923089
1708710691
1712015185
1710888742
1713201088
1712172417
1709746890
1713286887
1711831588
1713891087
1714428474
1710358887
1712183487
1709919689
1713297934
1713037411
1716498372
1710956448
1711560169
1713804688
1714087820
1711820786
1708972386
1713114449
1711645289
1708884090
1714602970
1716922330
1713123570
1710524489
1708797690
1710703585
1711061184
1709659886
1711128207
1712595691
1710282085
1710272607
1712006187
1712097090
1709402490
1713222040
1716412139
1710437786
1710541914
1712606491
1715271690
1714337187
1711477469
1715969580
1715098888
1713306983
1715208401
1710964969
1710201686
1712272619
1709229688
1715108064
1710878483
1712791459
1712163688
1710609769
1710869782
1713028294
1713373290
1712085987
1711395125
1713047732
1712685146
1710178583
1709832691
1710186924
1711214488
1713133906
1715012489
1709315186
1710713032
